# name: debug
# type: sparse matrix
# nnz: 324
# rows: 18
# columns: 18

1 1 532523346250323.062500000
2 1 2276601.272081433
3 1 4786531.659709278
4 1 2032366.575266125
5 1 -25342029.310206402
6 1 5002846.925331310
7 1 -0.008453408
8 1 -0.002985835
9 1 -0.003023036
10 1 -0.003717960
11 1 0.014821920
12 1 -0.003353984
13 1 -0.004216930
14 1 -0.001435760
15 1 -0.001564695
16 1 -0.001523347
17 1 0.006884581
18 1 -0.002390433
1 2 2276601.272081433
2 2 532523358368497.687500000
3 2 -2742133.442739595
4 2 41088666.841930881
5 2 -1529150.449559478
6 2 16615966.533644345
7 2 -0.002497822
8 2 -0.034125982
9 2 0.001876210
10 2 -0.051188746
11 2 0.001836912
12 2 -0.023165963
13 2 -0.001225390
14 2 -0.007602252
15 2 0.000833481
16 2 -0.010634211
17 2 0.001170066
18 2 -0.005822888
1 3 4786531.659709278
2 3 -2742133.442739595
3 3 532523334763811.125000000
4 3 -4459161.146432655
5 3 -8536173.365123339
6 3 -503216.125706648
7 3 -0.002915834
8 3 0.002000117
9 3 -0.002259321
10 3 0.002868421
11 3 0.005420458
12 3 0.001245071
13 3 -0.001480056
14 3 0.000874810
15 3 -0.001024050
16 3 0.001494668
17 3 0.002713326
18 3 0.000122571
1 4 2032366.575266125
2 4 41088666.841930881
3 4 -4459161.146432655
4 4 532523396250924.625000000
5 4 0.003027617
6 4 22828630.516973119
7 4 -0.002993235
8 4 -0.051912650
9 4 0.002636525
10 4 -0.080334524
11 4 0.001447788
12 4 -0.031815032
13 4 -0.001226896
14 4 -0.010594471
15 4 0.001456732
16 4 -0.014963217
17 4 0.000804878
18 4 -0.007831959
1 5 -25342029.310206402
2 5 -1529150.449559478
3 5 -8536173.365123339
4 5 0.003027617
5 5 532523375859227.937500000
6 5 -6393998.417693331
7 5 0.014858129
8 5 0.002563290
9 5 0.005511281
10 5 0.002622991
11 5 -0.026733935
12 5 0.003563894
13 5 0.006761595
14 5 0.001443671
15 5 0.002772936
16 5 0.001214786
17 5 -0.011231253
18 5 0.003163470
1 6 5002846.925331310
2 6 16615966.533644345
3 6 -503216.125706648
4 6 22828630.516973119
5 6 -6393998.417693332
6 6 532523346449273.875000000
7 6 -0.003057461
8 6 -0.022708717
9 6 0.001077531
10 6 -0.031175798
11 6 0.003301095
12 6 -0.019980359
13 6 -0.002269590
14 6 -0.005618484
15 6 0.000009722
16 6 -0.007589532
17 6 0.003083845
18 6 -0.005050552
1 7 -0.008453408
2 7 -0.002497822
3 7 -0.002915834
4 7 -0.002993235
5 7 0.014858129
6 7 -0.003057461
7 7 532523431714728.500000000
8 7 -2513896.355406316
9 7 14645412.269652095
10 7 1122722744.691323757
11 7 -30661922152.308425903
12 7 12491437326.208843231
13 7 -0.010726266
14 7 -0.001690206
15 7 -0.003299613
16 7 -0.002000847
17 7 0.016853326
18 7 -0.004395640
1 8 -0.002985835
2 8 -0.034125982
3 8 0.002000117
4 8 -0.051912650
5 8 0.002563290
6 8 -0.022708717
7 8 -2513896.355397530
8 8 532523529147771.937500000
9 8 6461418.613183318
10 8 30874209783.887763977
11 8 -1123636179.651074648
12 8 6039735211.762483597
13 8 -0.001214953
14 8 -0.021611704
15 8 0.001887394
16 8 -0.029491073
17 8 0.001087349
18 8 -0.014799189
1 9 -0.003023036
2 9 0.001876210
3 9 -0.002259321
4 9 0.002636525
5 9 0.005511281
6 9 0.001077531
7 9 14645412.269650964
8 9 6461418.613182849
9 9 532523351955564.625000000
10 9 -10550088103.382308960
11 9 -4892096016.726432800
12 9 913334.439346642
13 9 -0.003239137
14 9 0.001854179
15 9 -0.002612181
16 9 0.003222704
17 9 0.005670647
18 9 0.000284193
1 10 -0.003717960
2 10 -0.051188746
3 10 0.002868421
4 10 -0.080334524
5 10 0.002622991
6 10 -0.031175798
7 10 1122723561.133902311
8 10 30874210672.506763458
9 10 -10550088293.567989349
10 10 10263195918142454.000000000
11 10 421597562275588.750000000
12 10 1134767513773628.000000000
13 10 -0.001335776
14 10 -0.029418941
15 10 0.003292912
16 10 -0.041155183
17 10 0.000717402
18 10 -0.018692823
1 11 0.014821920
2 11 0.001836912
3 11 0.005420458
4 11 0.001447788
5 11 -0.026733935
6 11 0.003301095
7 11 -30661922449.299926758
8 11 -1123636157.935461760
9 11 -4892096180.365252495
10 11 421609108758659.562500000
11 11 10086472094057636.000000000
12 11 -2938297387916491.500000000
13 11 0.016775519
14 11 0.001703983
15 11 0.005659552
16 11 0.001605078
17 11 -0.027137243
18 11 0.006242271
1 12 -0.003353984
2 12 -0.023165963
3 12 0.001245071
4 12 -0.031815032
5 12 0.003563894
6 12 -0.019980359
7 12 12491437479.808467865
8 12 6039735463.578987122
9 12 913236.784614518
10 12 1134760194719438.000000000
11 12 -2938289269877335.500000000
12 12 2400124929823712.500000000
13 12 -0.004180869
14 12 -0.014524425
15 12 0.000256054
16 12 -0.018510810
17 12 0.005988914
18 12 -0.013978649
1 13 -0.004216930
2 13 -0.001225390
3 13 -0.001480056
4 13 -0.001226896
5 13 0.006761595
6 13 -0.002269590
7 13 -0.010726266
8 13 -0.001214953
9 13 -0.003239137
10 13 -0.001335776
11 13 0.016775519
12 13 -0.004180869
13 13 532523450566657.562500000
14 13 231276.725628372
15 13 18185946.631620586
16 13 1434263537.131734848
17 13 -38896420667.770362854
18 13 15232102934.685354233
1 14 -0.001435760
2 14 -0.007602252
3 14 0.000874810
4 14 -0.010594471
5 14 0.001443671
6 14 -0.005618484
7 14 -0.001690206
8 14 -0.021611704
9 14 0.001854179
10 14 -0.029418941
11 14 0.001703983
12 14 -0.014524425
13 14 231276.732005458
14 14 532523563499240.500000000
15 14 2428998.683304779
16 14 38962305617.987342834
17 14 -1437145944.034335613
18 14 10309906665.353258133
1 15 -0.001564695
2 15 0.000833481
3 15 -0.001024050
4 15 0.001456732
5 15 0.002772936
6 15 0.000009722
7 15 -0.003299613
8 15 0.001887394
9 15 -0.002612181
10 15 0.003292912
11 15 0.005659552
12 15 0.000256054
13 15 18185946.628911689
14 15 2428998.681778955
15 15 532523353885841.875000000
16 15 -13310674512.557277679
17 15 -8715855933.691417694
18 15 -3421504.634365095
1 16 -0.001523347
2 16 -0.010634211
3 16 0.001494668
4 16 -0.014963217
5 16 0.001214786
6 16 -0.007589532
7 16 -0.002000847
8 16 -0.029491073
9 16 0.003222704
10 16 -0.041155183
11 16 0.001605078
12 16 -0.018510810
13 16 1447640958.444828033
14 16 38961633063.729301453
15 16 -13306802493.158771515
16 16 23527766173100568.000000000
17 16 622276916473756.500000000
18 16 1117180856343061.375000000
1 17 0.006884581
2 17 0.001170066
3 17 0.002713326
4 17 0.000804878
5 17 -0.011231253
6 17 0.003083845
7 17 0.016853326
8 17 0.001087349
9 17 0.005670647
10 17 0.000717402
11 17 -0.027137243
12 17 0.005988914
13 17 -38897874680.890975952
14 17 -1434155554.006899357
15 17 -8718987749.746786118
16 17 11425507177584046.000000000
17 17 -5283488895877257.000000000
18 17 10357529083461748.000000000
1 18 -0.002390433
2 18 -0.005822888
3 18 0.000122571
4 18 -0.007831959
5 18 0.003163470
6 18 -0.005050552
7 18 -0.004395640
8 18 -0.014799189
9 18 0.000284193
10 18 -0.018692823
11 18 0.006242271
12 18 -0.013978649
13 18 15242258940.672780991
14 18 10314638423.495748520
15 18 -1270567.286570313
16 18 6866570899669188.000000000
17 18 2433144712261720.500000000
18 18 -2840316837891688.000000000
